# Created by Octave 4.4.1, Sat Mar 06 17:00:17 2021 CET <matt@Matt-NB>
# name: X
# type: matrix
# rows: 1
# columns: 50
 9.9999999999999995e-21 2.5595479226995331e-20 6.5512855685954956e-20 1.6768329368110032e-19 4.2919342601287609e-19 1.0985411419875618e-18 2.8117686979742367e-18 7.1968567300115294e-18 1.8420699693267164e-17 4.7148663634573897e-17 1.2067926406393265e-16 3.0888435964774847e-16 7.9060432109077018e-16 2.0235896477251554e-15 5.1794746792312232e-15 1.3257113655901108e-14 3.39322177189533e-14 8.68511373751352e-14 2.222996482526191e-13 5.6898660290183051e-13 1.4563484775012444e-12 3.7275937203149379e-12 9.5409547634999628e-12 2.4420530945486546e-11 6.2505519252739767e-11 1.5998587196060573e-10 4.0949150623804193e-10 1.0481131341546874e-09 2.6826957952797275e-09 6.8664884500429979e-09 1.7575106248547966e-08 4.4984326689694532e-08 1.1513953993264481e-07 2.9470517025518098e-07 7.5431200633546068e-07 1.9306977288832536e-06 4.9417133613238386e-06 1.2648552168552958e-05 3.2374575428176535e-05 8.2864277285468591e-05 0.00021209508879201926 0.00054286754393238594 0.0013894954943731361 0.0035564803062231214 0.0091029817799152639 0.023299518105153814 0.059636233165946607 0.15264179671752365 0.39069399370546209 1


# name: ans
# type: bool
1


# name: err
# type: function handle
@<anonymous>
@(h) abs ((exp (1 + h) - exp (1)) ./ h - exp (1))


# name: err2
# type: function handle
@<anonymous>
@(h) 2 * exp (1) * u ./ h + 1 / 2 * exp (1) * h
# length: 1
# name: u
# type: scalar
1.1102230246251565e-16




# name: u
# type: scalar
1.1102230246251565e-16


